-1.#IND	0	0	2
1.#INF	5	0.9	0
1.#INF	5	1.8	0
1.#INF	5	2.7	0
1.#INF	5	3.6	0
1.#INF	5	4.5	2
1.#INF	5	5.4	2
1.#INF	5	6.3	0
1.#INF	5	7.2	1
1.#INF	5	8.1	0
1.#INF	5	9	2
1.#INF	5	9.9	1
1.#INF	5	10.8	2
1.#INF	5	11.7	1
1.#INF	5	12.6	1
1.#INF	5	13.5	0
1.#INF	5	14.4	0
1.#INF	5	15.3	0
1.#INF	5	16.2	0
1.#INF	5	17.1	3
1.#INF	5	18	0
1.#INF	5	18.9	0
1.#INF	5	19.8	1
1.#INF	5	20.7	0
1.#INF	5	21.6	0
1.#INF	5	22.5	0
1.#INF	5	23.4	1
1.#INF	5	24.3	0
1.#INF	5	25.2	0
1.#INF	5	26.1	2
1.#INF	5	27	1
1.#INF	5	27.9	1
1.#INF	5	28.8	0
1.#INF	5	29.7	28
1.#INF	5	30.6	3
1.#INF	5	31.5	14
1.#INF	5	32.4	11
1.#INF	5	33.3	14
1.#INF	5	34.2	7
1.#INF	5	35.1	5
1.#INF	5	36	7
1.#INF	5	36.9	0
1.#INF	5	37.8	2
1.#INF	5	38.7	2
1.#INF	5	39.6	6
1.#INF	5	40.5	0
1.#INF	5	41.4	1
1.#INF	5	42.3	1
1.#INF	5	43.2	0
1.#INF	5	44.1	1
1.#INF	5	45	1
1.#INF	5	45.9	1
1.#INF	5	46.8	1
1.#INF	5	47.7	0
1.#INF	5	48.6	3
1.#INF	5	49.5	1
1.#INF	5	50.4	0
1.#INF	5	51.3	0
1.#INF	5	52.2	0
1.#INF	5	53.1	0
1.#INF	5	54	1
1.#INF	5	54.9	0
1.#INF	5	55.8	0
1.#INF	5	56.7	0
1.#INF	5	57.6	0
1.#INF	5	58.5	0
1.#INF	5	59.4	0
1.#INF	5	60.3	0
1.#INF	5	61.2	0
1.#INF	5	62.1	0
1.#INF	5	63	0
1.#INF	5	63.9	0
1.#INF	5	64.8	0
1.#INF	5	65.7	0
1.#INF	5	66.6	1
1.#INF	5	67.5	1
1.#INF	5	68.4	0
1.#INF	5	69.3	0
1.#INF	5	70.2	0
1.#INF	5	71.1	0
1.#INF	5	72	0
1.#INF	5	72.9	0
1.#INF	5	73.8	0
1.#INF	5	74.7	0
1.#INF	5	75.6	0
1.#INF	5	76.5	0
1.#INF	5	77.4	0
1.#INF	5	78.3	0
1.#INF	5	79.2	0
1.#INF	5	80.1	0
1.#INF	5	81	0
1.#INF	5	81.9	0
1.#INF	5	82.8	0
1.#INF	5	83.7	0
1.#INF	5	84.6	0
1.#INF	5	85.5	0
1.#INF	5	86.4	0
1.#INF	5	87.3	0
1.#INF	5	88.2	0
1.#INF	5	89.1	1
