0	1	-1.#IND	0
0.486667	0	1.#INF	1
0.973333	0	1.#INF	1
1.46	0	1.#INF	1
1.94667	0	1.#INF	1
2.43333	0	1.#INF	1
2.92	0	1.#INF	1
3.40667	0	1.#INF	1
3.89333	2	1.#INF	1
4.38	0	1.#INF	1
4.86667	0	1.#INF	1
5.35333	0	1.#INF	1
5.84	0	1.#INF	1
6.32667	0	1.#INF	1
6.81333	0	1.#INF	1
7.3	0	1.#INF	1
7.78667	0	1.#INF	1
8.27333	0	1.#INF	1
8.76	0	1.#INF	1
9.24667	0	1.#INF	1
9.73333	0	1.#INF	1
10.22	0	1.#INF	1
10.7067	0	1.#INF	1
11.1933	3	1.#INF	1
11.68	1	1.#INF	1
12.1667	0	1.#INF	1
12.6533	0	1.#INF	1
13.14	6	1.#INF	1
13.6267	0	1.#INF	1
14.1133	2	1.#INF	1
14.6	0	1.#INF	1
15.0867	1	1.#INF	1
15.5733	0	1.#INF	1
16.06	0	1.#INF	1
16.5467	3	1.#INF	1
17.0333	0	1.#INF	1
17.52	0	1.#INF	1
18.0067	0	1.#INF	1
18.4933	0	1.#INF	1
18.98	0	1.#INF	1
19.4667	0	1.#INF	1
19.9533	0	1.#INF	1
20.44	0	1.#INF	1
20.9267	0	1.#INF	1
21.4133	0	1.#INF	1
21.9	0	1.#INF	1
22.3867	0	1.#INF	1
22.8733	0	1.#INF	1
23.36	0	1.#INF	1
23.8467	0	1.#INF	1
24.3333	0	1.#INF	1
24.82	0	1.#INF	1
25.3067	0	1.#INF	1
25.7933	0	1.#INF	1
26.28	0	1.#INF	1
26.7667	0	1.#INF	1
27.2533	0	1.#INF	1
27.74	0	1.#INF	1
28.2267	0	1.#INF	1
28.7133	18	1.#INF	1
29.2	0	1.#INF	1
29.6867	0	1.#INF	1
30.1733	45	1.#INF	1
30.66	40	1.#INF	1
31.1467	12	1.#INF	1
31.6333	3	1.#INF	1
32.12	11	1.#INF	1
32.6067	12	1.#INF	1
33.0933	9	1.#INF	1
33.58	5	1.#INF	1
34.0667	5	1.#INF	1
34.5533	3	1.#INF	1
35.04	2	1.#INF	1
35.5267	0	1.#INF	1
36.0133	0	1.#INF	1
36.5	0	1.#INF	1
36.9867	0	1.#INF	1
37.4733	1	1.#INF	1
37.96	1	1.#INF	1
38.4467	3	1.#INF	1
38.9333	0	1.#INF	1
39.42	0	1.#INF	1
39.9067	0	1.#INF	1
40.3933	0	1.#INF	1
40.88	0	1.#INF	1
41.3667	0	1.#INF	1
41.8533	0	1.#INF	1
42.34	0	1.#INF	1
42.8267	0	1.#INF	1
43.3133	1	1.#INF	1
43.8	0	1.#INF	1
44.2867	0	1.#INF	1
44.7733	1	1.#INF	1
45.26	0	1.#INF	1
45.7467	0	1.#INF	1
46.2333	0	1.#INF	1
46.72	1	1.#INF	1
47.2067	0	1.#INF	1
47.6933	0	1.#INF	1
48.18	1	1.#INF	1
