0	1	-1.#IND	0
2.33333	0	1.#INF	2
4.66667	0	1.#INF	2
7	0	1.#INF	2
9.33333	0	1.#INF	2
11.6667	0	1.#INF	2
14	0	1.#INF	2
16.3333	0	1.#INF	2
18.6667	0	1.#INF	2
21	1	1.#INF	2
23.3333	1	1.#INF	2
25.6667	0	1.#INF	2
28	0	1.#INF	2
30.3333	0	1.#INF	2
32.6667	2	1.#INF	2
35	0	1.#INF	2
37.3333	0	1.#INF	2
39.6667	1	1.#INF	2
42	1	1.#INF	2
44.3333	10	1.#INF	2
46.6667	4	1.#INF	2
49	0	1.#INF	2
51.3333	0	1.#INF	2
53.6667	0	1.#INF	2
56	19	1.#INF	2
58.3333	103	1.#INF	2
60.6667	45	1.#INF	2
63	8	1.#INF	2
65.3333	0	1.#INF	2
67.6667	1	1.#INF	2
70	5	1.#INF	2
72.3333	3	1.#INF	2
74.6667	1	1.#INF	2
77	0	1.#INF	2
79.3333	1	1.#INF	2
81.6667	2	1.#INF	2
84	0	1.#INF	2
86.3333	0	1.#INF	2
88.6667	0	1.#INF	2
91	0	1.#INF	2
93.3333	0	1.#INF	2
95.6667	0	1.#INF	2
98	0	1.#INF	2
100.333	0	1.#INF	2
102.667	0	1.#INF	2
105	0	1.#INF	2
107.333	0	1.#INF	2
109.667	0	1.#INF	2
112	0	1.#INF	2
114.333	0	1.#INF	2
116.667	0	1.#INF	2
119	0	1.#INF	2
121.333	0	1.#INF	2
123.667	0	1.#INF	2
126	0	1.#INF	2
128.333	0	1.#INF	2
130.667	0	1.#INF	2
133	0	1.#INF	2
135.333	0	1.#INF	2
137.667	0	1.#INF	2
140	0	1.#INF	2
142.333	0	1.#INF	2
144.667	0	1.#INF	2
147	0	1.#INF	2
149.333	0	1.#INF	2
151.667	0	1.#INF	2
154	0	1.#INF	2
156.333	0	1.#INF	2
158.667	0	1.#INF	2
161	0	1.#INF	2
163.333	0	1.#INF	2
165.667	0	1.#INF	2
168	0	1.#INF	2
170.333	0	1.#INF	2
172.667	0	1.#INF	2
175	0	1.#INF	2
177.333	0	1.#INF	2
179.667	0	1.#INF	2
182	0	1.#INF	2
184.333	0	1.#INF	2
186.667	0	1.#INF	2
189	0	1.#INF	2
191.333	0	1.#INF	2
193.667	0	1.#INF	2
196	0	1.#INF	2
198.333	0	1.#INF	2
200.667	0	1.#INF	2
203	0	1.#INF	2
205.333	0	1.#INF	2
207.667	0	1.#INF	2
210	0	1.#INF	2
212.333	0	1.#INF	2
214.667	0	1.#INF	2
217	0	1.#INF	2
219.333	0	1.#INF	2
221.667	0	1.#INF	2
224	0	1.#INF	2
226.333	0	1.#INF	2
228.667	0	1.#INF	2
231	1	1.#INF	2
